[DEFAULT]
CHUNK=4096
RATE=48000

[Gain]
input_gain=12.250396337072694
output_gain=0.08965717597845373
